<?xml version="1.0" encoding="utf-8"?>
<opencv_storage>
   <camera-matrix type_id="opencv-matrix">
      <rows>3</rows>
      <cols>3</cols>
      <dt>d</dt>
      <data>1770.9813663188590000 0.0000000000000000 623.7995884042321700 
0.0000000000000000 1769.8283167849229000 362.1236838440725600 
0.0000000000000000 0.0000000000000000 1.0000000000000000 
</data>
   </camera-matrix>
   <distortion type_id="opencv-matrix">
      <rows>5</rows>
      <cols>1</cols>
      <dt>d</dt>
      <data>-0.1255375891524163 0.3834476375606811 0.0004904995699709 -0.0013774426824336 -3.8614756463321327 </data>
   </distortion>
</opencv_storage>