<?xml version="1.0" encoding="utf-8"?>
<opencv_storage>
   <camera-matrix type_id="opencv-matrix">
      <rows>3</rows>
      <cols>3</cols>
      <dt>d</dt>
      <data>1318.9165684287036129 0.0000000000000000 491.1274046751867104 
0.0000000000000000 1319.2327061238754595 285.6942332376518721 
0.0000000000000000 0.0000000000000000 1.0000000000000000 
</data>
   </camera-matrix>
   <distortion type_id="opencv-matrix">
      <rows>5</rows>
      <cols>1</cols>
      <dt>d</dt>
      <data>-0.0663297575431881 0.6410373291548012 -0.0001422926842754 -0.0007560006567267 -7.8197134779552782 </data>
   </distortion>
</opencv_storage>