<?xml version="1.0" encoding="utf-8"?>
<opencv_storage>
   <camera-matrix type_id="opencv-matrix">
      <rows>3</rows>
      <cols>3</cols>
      <dt>d</dt>
      <data>1786.6054524940227566 0.0000000000000000 641.8576853778652094 
0.0000000000000000 1786.0628997761643859 484.3768380759960905 
0.0000000000000000 0.0000000000000000 1.0000000000000000 
</data>
   </camera-matrix>
   <distortion type_id="opencv-matrix">
      <rows>5</rows>
      <cols>1</cols>
      <dt>d</dt>
      <data>-0.0396140360998078 -0.7867105716984779 0.0009293462328203 -0.0010777950231266 4.3148684780206024 </data>
   </distortion>
</opencv_storage>