<?xml version="1.0" encoding="utf-8"?>
<opencv_storage>
   <camera-matrix type_id="opencv-matrix">
      <rows>3</rows>
      <cols>3</cols>
      <dt>d</dt>
      <data>1773.8126584949936841 0.0000000000000000 638.4734710819152497 
0.0000000000000000 1773.7464264290108531 379.6159545148044572 
0.0000000000000000 0.0000000000000000 1.0000000000000000 
</data>
   </camera-matrix>
   <distortion type_id="opencv-matrix">
      <rows>5</rows>
      <cols>1</cols>
      <dt>d</dt>
      <data>-0.1132071640972705 0.1609646450568123 0.0002456241761579 -0.0001258361466874 -0.0134205395257823 </data>
   </distortion>
</opencv_storage>